dev_lost: 1.081831455230713 - optimizer: sgd
dev_lost: 1.0834985971450806 - optimizer: rmsprop
dev_lost: 1.0847333669662476 - optimizer: adam
dev_lost: 1.6569615602493286 - optimizer: adagrad
